# time(day) MHW(ft)
706744   0.99700000
706775   0.96700000
706804   1.14800000
706835   1.06600000
706865   1.08600000
706896   1.27600000
706926   1.43700000
706957   1.28600000
706988   1.34800000
707018   1.35800000
707049   1.06600000
707079   0.94800000
707110   1.00700000
707141   1.35800000
707169   0.96700000
707200   1.23700000
707230   1.24600000
707261   1.33800000
707291   1.41700000
707322   1.29600000
707353   1.41700000
707383   1.36800000
707414   1.26600000
707444   1.17700000
707475   1.30500000
707506   1.19700000
707534   1.21700000
707565   1.08600000
707595   1.34800000
707626   1.29600000
707656   1.32500000
707687   1.44600000
707718   1.37800000
707748   1.57800000
707779   1.27600000
707809   1.17700000
707840   1.03600000
707871   1.05600000
707899   1.14800000
707930   1.31500000
707960   1.33800000
707991   1.42700000
708021   1.44600000
708052   1.48600000
708083   1.51500000
708113   1.39700000
708144   1.21700000
708174   1.20700000
708205   1.07600000
708236   1.43700000
708265   1.11500000
708296   1.21700000
708326   1.45600000
708357   1.44600000
708387   1.38700000
708418   1.34800000
708449   1.44600000
708479   1.49600000
708510   1.25600000
708540   1.24600000
708571   1.31500000
708602   1.12500000
708630   1.00700000
708661   1.22700000
708691   1.31500000
708722   1.42700000
708752   1.47600000
708783   1.47600000
708814   1.39700000
708844   1.35800000
708875   1.24600000
708905   1.17700000
708936   1.10500000
708967   1.17700000
708995   1.34800000
709026   1.34800000
709056   1.31500000
709087   1.54800000
709117   1.55800000
709148   1.46600000
709179   1.61700000
709209   1.48600000
709240   1.42700000
709270   1.14800000
709301   1.04600000
709332   1.13800000
709360   1.00700000
709391   1.12500000
709421   1.20700000
709452   1.44600000
709482   1.42700000
709513   1.58800000
709544   1.50600000
709574   1.65600000
709605   1.43700000
709635   0.98700000
709666   1.05600000
709697   1.04600000
709726   1.14800000
709757   1.24600000
709787   1.17700000
709818   1.51500000
709848   1.47600000
709879   1.50600000
709910   1.53500000
709940   1.51500000
709971   1.78800000
710001   1.10500000
710032   1.05600000
710063   1.08600000
710091   1.24600000
710122   1.24600000
710152   1.49600000
710183   1.47600000
710213   1.49600000
710244   1.47600000
710275   1.52500000
710305   1.55800000
710336   1.62700000
710366   1.64700000
710397   1.21700000
710428   1.11500000
710456   1.30500000
710487   1.46600000
710517   1.40700000
710548   1.43700000
710578   1.42700000
710609   1.64700000
710640   1.50600000
710670   1.60700000
710701   1.44600000
710731   1.10500000
710762   1.12500000
710793   1.12500000
710821   1.34800000
710852   1.26600000
710882   1.41700000
710913   1.57800000
710943   1.52500000
710974   1.51500000
711005   1.46600000
711035   1.40700000
711066   1.79800000
711096   1.10500000
711127   1.12500000
711158   1.18700000
711187   1.31500000
711218   1.19700000
711248   1.46600000
711279   1.60700000
711309   1.63700000
711340   1.59700000
711371   1.53500000
711401   1.68600000
711432   1.51500000
711462   1.59700000
711493   1.28600000
711524   1.30500000
711552   1.09500000
711583   1.37800000
711613   1.37800000
711644   1.34800000
711674   1.48600000
711705   1.56800000
711736   1.48600000
711766   1.53500000
711797   1.50600000
711827   0.91500000
711858   1.05600000
711889   1.15800000
711917   0.84600000
711948   1.16800000
711978   1.06600000
712009   1.20700000
712039   1.30500000
712070   1.42700000
712101   1.56800000
712131   1.52500000
712162   1.62700000
712192   1.45600000
712223   1.21700000
712254   1.16800000
712282   1.57800000
712313   1.39700000
712343   1.52500000
712374   1.65600000
712404   1.50600000
712435   1.65600000
712466   1.53500000
712496   1.58800000
712527   1.47600000
712557   1.21700000
712588   1.29600000
712619   1.30500000
712648   1.37800000
712679   1.31500000
712709   1.62700000
712740   1.52500000
712770   1.42700000
712801   1.51500000
712832   1.56800000
712862   1.40700000
712893   1.50600000
712923   1.56800000
712954   1.59700000
712985   1.17700000
713013   1.39700000
713044   1.47600000
713074   1.63700000
713105   1.50600000
713135   1.49600000
713166   1.56800000
713197   1.60700000
713227   1.58800000
713258   1.58800000
713288   1.29600000
713319   1.35800000
713350   1.32500000
713378   1.25600000
713409   1.22700000
713439   1.63700000
713470   1.62700000
713500   1.62700000
713531   1.58800000
713865   1.57800000
713896   1.65600000
713927   1.51500000
713957   1.79800000
713988   1.57800000
714018   1.12500000
714049   1.52500000
714080   1.16800000
714109   1.36800000
714140   1.50600000
714170   1.31500000
714201   1.53500000
714231   1.60700000
714262   1.72500000
714293   1.66600000
714323   1.57800000
714354   1.51500000
714384   1.34800000
714415   1.07600000
714446   1.25600000
714474   1.50600000
714505   1.11500000
714535   1.45600000
714566   1.49600000
714596   1.59700000
714627   1.50600000
714658   1.50600000
714688   1.61700000
714719   1.47600000
714749   1.29600000
714780   1.58800000
714811   1.43700000
714839   1.83700000
714870   1.61700000
714900   1.40700000
714931   1.55800000
714961   1.63700000
714992   1.65600000
715023   1.70600000
715053   1.81700000
715084   1.58800000
715114   1.26600000
715145   1.17700000
715176   1.01700000
715204   1.22700000
715235   1.38700000
715265   1.22700000
715296   1.56800000
715326   1.37800000
715357   1.63700000
715388   1.54800000
715418   1.64700000
715449   1.44600000
715479   1.48600000
715541   1.48600000
715570   1.54800000
715601   1.52500000
715631   1.72500000
715662   1.70600000
715692   1.67600000
715723   1.69600000
715754   1.66600000
715784   1.70600000
715815   1.48600000
715845   1.25600000
715876   1.25600000
715907   1.45600000
715935   1.59700000
715966   1.69600000
715996   1.43700000
716027   1.50600000
716057   1.60700000
716119   1.66600000
716149   1.73500000
716180   1.51500000
716210   1.35800000
716241   1.09500000
716272   1.42700000
716300   1.67600000
716331   1.27600000
716361   1.40700000
716392   1.53500000
716422   1.65600000
716453   1.65600000
716484   1.59700000
716514   1.75800000
716545   1.70600000
716575   1.38700000
716606   1.26600000
716637   0.94800000
716665   1.35800000
716696   1.48600000
716726   1.31500000
716757   1.52500000
716787   1.56800000
716818   1.51500000
716849   1.57800000
716879   1.49600000
716910   1.73500000
716940   1.24600000
716971   1.29600000
717002   1.21700000
717031   1.33800000
717062   1.08600000
717092   1.34800000
717123   1.41700000
717153   1.51500000
717184   1.54800000
717215   1.55800000
717245   1.55800000
717276   1.58800000
717306   1.28600000
717337   1.36800000
717368   1.32500000
717396   1.27600000
717427   1.45600000
717457   1.42700000
717488   1.48600000
717518   1.46600000
717549   1.40700000
717580   1.50600000
717610   1.57800000
717641   1.54800000
717671   1.37800000
717702   1.47600000
717733   1.28600000
717761   1.34800000
717792   1.34800000
717822   1.34800000
717853   1.41700000
717883   1.54800000
717945   1.75800000
717975   1.41700000
718006   1.61700000
718036   1.36800000
718067   1.38700000
718098   1.28600000
718126   1.31500000
718187   1.60700000
718218   1.54800000
718248   1.59700000
718310   1.60700000
718340   1.57800000
718371   1.44600000
718401   1.55800000
718432   1.11500000
718463   1.24600000
718492   1.25600000
718523   1.21700000
718553   1.66600000
718584   1.75800000
718614   1.58800000
718645   1.66600000
718676   1.45600000
718706   1.54800000
718737   1.71600000
718767   1.29600000
718798   1.23700000
718829   1.49600000
718857   1.45600000
718888   1.40700000
718918   1.46600000
718949   1.66600000
718979   1.68600000
719010   1.76800000
719041   1.82700000
719071   1.81700000
719102   1.85700000
719132   1.71600000
719163   1.46600000
719194   1.48600000
719222   1.42700000
719253   1.54800000
719283   1.43700000
719314   1.65600000
719344   1.67600000
719375   1.77800000
719406   1.70600000
719436   1.72500000
719467   1.88600000
719497   1.78800000
719528   1.58800000
719559   1.48600000
719587   1.54800000
719618   1.62700000
719648   1.65600000
719679   1.68600000
719709   1.62700000
719740   1.64700000
719771   1.70600000
719801   1.82700000
719832   1.86600000
719862   1.38700000
719893   1.34800000
719924   1.41700000
719953   1.57800000
719984   1.59700000
720014   1.75800000
720045   1.93500000
720075   1.81700000
720106   1.78800000
720137   1.91600000
720167   1.71600000
720198   1.97800000
720228   1.78800000
720259   1.57800000
720290   1.58800000
720318   1.68600000
720349   1.70600000
720379   1.75500000
720410   1.63700000
720440   1.78800000
720471   1.79800000
720502   1.81700000
720532   1.72500000
720563   1.46600000
720593   1.46600000
720624   1.53500000
720655   1.48600000
720683   1.32500000
720714   1.44600000
720744   1.57800000
720775   1.65600000
720805   1.76800000
720836   1.62700000
720867   1.74500000
720897   1.42700000
720928   1.61700000
720958   1.55800000
720989   1.36800000
721020   1.36800000
721048   1.44600000
721079   1.46600000
721109   1.60700000
721140   1.62700000
721170   1.70600000
721201   1.74500000
721232   1.63700000
721262   1.84700000
721293   1.80700000
721323   1.55800000
721354   1.40700000
721385   1.32500000
721414   1.38700000
721445   1.42700000
721475   1.47700000
721506   1.52500000
721536   1.75800000
721567   1.65600000
721598   1.71600000
721628   1.62700000
721659   1.32500000
721689   1.05600000
721720   1.07600000
721751   1.14800000
721779   1.31500000
721810   1.19700000
721840   1.47600000
721871   1.74500000
721901   1.36600000
721932   1.65600000
721963   1.90600000
721993   1.72500000
722024   1.59700000
722054   1.63700000
722085   1.40700000
722116   1.68600000
722144   1.37800000
722175   1.68700000
722205   1.65600000
722236   1.62700000
722266   1.68600000
722297   1.75800000
722328   1.85700000
722358   1.81700000
722389   1.71600000
722419   1.39700000
722450   1.68600000
722481   1.25600000
722509   1.34800000
722540   1.51500000
722570   1.51500000
722601   1.59700000
722631   1.70700000
722662   1.79700000
722693   1.68600000
722723   1.70600000
722754   1.47600000
722784   1.30500000
722815   1.31700000
722846   1.40600000
722875   1.30700000
722906   1.50700000
722936   1.66700000
722967   1.63600000
722997   1.68700000
723028   1.73700000
723059   1.63600000
723089   1.62700000
723120   1.52500000
723150   1.20700000
723181   1.05600000
723212   1.22700000
723240   1.54800000
723271   1.25600000
723301   1.59700000
723332   1.67600000
723362   1.71600000
723393   1.75800000
723424   1.85700000
723454   1.60700000
723485   1.73500000
723515   1.58800000
723546   1.27600000
723577   1.31500000
723605   1.33800000
723636   1.22700000
723666   1.51500000
723697   1.91600000
723727   1.71600000
723758   1.73500000
723789   1.74500000
723819   1.94500000
723850   1.49600000
723880   1.61700000
723911   1.53500000
723942   1.75800000
723970   1.82700000
724001   1.82700000
724031   1.68600000
724062   1.74500000
724092   1.89600000
724123   1.90600000
724154   1.85700000
724184   1.92500000
724215   2.03700000
724245   1.64700000
724276   1.45600000
724307   1.50600000
724336   1.65600000
724367   1.95500000
724397   1.71600000
724428   1.84700000
724458   1.78800000
724489   1.89600000
724520   1.75800000
724550   1.89600000
724581   1.83700000
724611   1.59700000
724642   1.55800000
724673   1.44600000
724701   1.42700000
724732   1.53500000
724762   1.71600000
724793   1.75800000
724823   1.75800000
724854   1.81700000
724885   1.90600000
724915   1.77800000
724946   1.89600000
724976   1.63700000
725007   1.29600000
725038   1.60700000
725066   1.31500000
725097   1.82700000
725127   1.72500000
725158   1.70600000
725188   1.91600000
725219   1.80700000
725250   1.73500000
725280   1.85700000
725311   1.62700000
725341   1.58800000
725372   1.75800000
725403   1.42700000
725431   1.81700000
725462   1.75800000
725492   1.62700000
725523   1.79800000
725553   1.88600000
725584   1.84700000
725615   1.78800000
725645   1.68600000
725676   1.62700000
725706   1.83700000
725737   1.34800000
725768   1.51500000
725797   1.34800000
725828   1.86600000
725858   1.59700000
725889   1.76800000
725919   1.65600000
725950   1.72500000
725981   1.62700000
726011   1.70600000
726042   1.58800000
726072   1.45600000
726103   1.38700000
726134   1.33800000
726162   1.30500000
726193   1.39700000
726223   1.52500000
726254   1.69600000
726284   1.70600000
726315   1.85700000
726346   1.74500000
726376   1.72500000
726407   1.67600000
726437   1.30500000
726468   1.30500000
726499   1.38700000
726527   1.24600000
726558   1.36800000
726588   1.69600000
726619   1.72500000
726649   1.71600000
726680   1.84700000
726711   1.82700000
726741   1.78800000
726772   1.62700000
726802   1.44600000
726833   1.53500000
726864   1.45600000
726892   1.79800000
726923   1.54800000
726953   1.69600000
726984   1.86600000
727014   1.85700000
727045   1.78800000
727076   1.75800000
727106   1.87600000
727137   1.80700000
727167   1.61700000
727198   1.66600000
727229   1.71600000
727258   1.62700000
727289   1.62700000
727319   1.60700000
727350   1.88600000
727380   1.91600000
727411   1.74500000
727442   1.74500000
727472   1.75800000
727503   1.68600000
727533   1.73500000
727564   1.52500000
727595   1.74500000
727623   1.50600000
727654   1.92500000
727684   1.80700000
727715   1.83700000
727745   1.91600000
727776   1.88600000
727807   1.83700000
727837   1.73500000
727868   1.59700000
727898   1.74500000
727929   1.18400000
727960   1.37400000
727988   1.58400000
728019   1.38700000
728049   1.77500000
728080   1.66600000
728110   1.74800000
728141   1.73800000
728172   1.87000000
728202   1.81400000
728233   1.52900000
728263   1.64300000
728294   1.49900000
728325   1.37100000
728353   1.53800000
728384   1.49600000
728414   1.83400000
728445   1.64300000
728475   1.79800000
728506   1.97100000
728537   1.90900000
728567   1.88900000
728598   1.91200000
728628   1.74200000
728659   1.79800000
728690   1.57400000
728719   1.53800000
728750   1.85700000
728780   1.77800000
728811   1.82100000
728841   1.92900000
728872   1.87000000
728903   2.27000000
728933   2.14500000
728964   1.97800000
728994   2.00100000
729025   1.74800000
729056   1.66300000
729084   1.75200000
729115   2.10900000
729145   1.82100000
729176   1.99800000
729206   1.85700000
729237   1.95200000
729268   1.94800000
729298   1.98500000
729329   1.98500000
729359   1.80700000
729390   1.92200000
729421   2.16500000
729449   1.78400000
729480   1.99400000
729510   2.10600000
729541   2.07600000
729571   2.06300000
729602   1.94200000
729633   2.07000000
729663   1.84300000
729694   1.76100000
729724   1.65600000
729755   1.51500000
729786   1.90600000
729814   1.67000000
729845   1.86000000
729875   1.82100000
729906   1.79100000
729936   1.96500000
729967   2.03400000
729998   1.99100000
730028   1.85000000
730059   1.69300000
730089   1.64000000
730120   1.43700000
730151   1.30200000
730180   1.70900000
730211   1.75800000
730241   1.89900000
730272   1.83400000
730302   2.01400000
730333   1.94200000
730364   1.94500000
730394   1.82700000
730425   1.98100000
730455   1.42700000
730486   1.67900000
730517   1.36400000
730545   1.80100000
730576   1.69300000
730606   1.81100000
730637   1.84700000
730667   1.95200000
730698   1.94200000
730729   2.06000000
730759   1.90600000
730790   1.75200000
730820   1.78100000
730851   1.51500000
730882   1.77100000
730910   1.36800000
730941   1.57100000
730971   1.63700000
731002   1.82400000
731032   1.89900000
731063   1.91200000
731094   2.00100000
731124   2.01700000
731155   1.75200000
731185   1.71200000
731216   1.54800000
731247   1.18700000
731275   1.61400000
731306   1.71600000
731336   1.80100000
731367   1.96800000
731397   1.94800000
731428   1.98500000
731459   2.09300000
731489   1.93900000
731520   1.80400000
731550   1.72900000
731581   1.51500000
731612   1.45300000
731641   1.57100000
731672   1.61700000
731702   1.69600000
731733   1.87000000
731763   1.91200000
731794   1.91200000
731825   1.98100000
731855   2.23700000
731886   1.93200000
731916   1.82400000
731947   1.82400000
731978   1.80100000
732006   1.90600000
732037   2.06300000
732067   2.14900000
732098   2.08000000
732128   2.09300000
732159   2.07000000
732190   2.00800000
732220   2.13200000
732251   1.90600000
732281   1.71600000
732312   1.80100000
732343   1.71200000
732371   1.71200000
732402   1.79100000
732432   2.06300000
732463   2.01700000
732493   2.01400000
732524   2.09600000
732555   2.17200000
732585   2.13200000
732616   2.02100000
732646   1.63700000
732677   1.62000000
732708   1.34800000
732736   1.34800000
732767   1.89300000
732797   1.66600000
732828   2.06000000
732858   2.00100000
732889   2.01400000
732920   1.88900000
732950   2.05300000
732981   1.81700000
733011   1.64000000
733042   1.64300000
733073   1.58100000
733102   1.65600000
733133   1.75200000
733163   2.12900000
733194   2.00100000
733224   1.96800000
733255   2.01400000
733286   2.01400000
733316   2.09300000
733347   2.00100000
733377   1.56800000
733408   1.57800000
733439   1.72200000
733467   1.71200000
733498   1.81700000
733528   1.80100000
733559   2.25400000
733589   2.22400000
733620   2.05300000
733651   2.12900000
733681   2.28000000
733712   2.16200000
733742   1.90300000
733773   1.94500000
733804   2.15800000
733832   2.30600000
733863   2.11900000
733893   2.00100000
733924   2.21400000
733954   2.11900000
733985   2.22400000
734016   2.25700000
734046   2.20800000
734077   2.16800000
734107   2.16500000
734138   1.85300000
734169   1.78400000
734197   1.80700000
734228   1.92900000
734258   2.19100000
734289   2.30600000
734319   2.27300000
734350   2.32900000
734381   2.22700000
734411   2.28600000
734442   1.95500000
734472   1.84300000
734503   1.71900000
734534   1.69900000
734563   1.78400000
734594   2.04700000
734624   1.94200000
734655   2.30000000
734685   2.17500000
734716   2.17800000
734747   2.06700000
734777   2.28600000
734808   2.13500000
734838   2.11900000
734869   1.65000000
734900   1.71200000
734928   2.16800000
734959   1.77800000
734989   1.83000000
735020   2.11900000
735050   2.19500000
735081   2.19800000
735112   2.17800000
735142   2.21100000
735173   1.78400000
735203   1.73800000
735234   1.67900000
735265   1.53200000
735293   1.67900000
735324   1.90300000
735354   2.02100000
735385   2.08600000
735415   2.08600000
735446   2.16500000
735477   2.11600000
735507   2.32600000
735538   1.95500000
735568   1.98800000
735599   1.54800000
735630   1.55800000
735658   1.41400000
735689   1.68300000
735719   1.51500000
735750   1.96800000
735780   2.20400000
735811   2.15800000
735842   2.16500000
735872   2.17200000
735903   1.91900000
735933   1.95800000
735964   1.96800000
735995   1.79800000
736024   1.86000000
736055   2.00100000
736085   1.99100000
736116   2.13500000
736146   2.15500000
736177   2.08300000
736208   2.22100000
736238   2.19500000
736269   2.03400000
736299   1.81400000
736330   1.85700000
736361   1.85000000
736389   1.52900000
736420   2.05700000
736450   2.26000000
736481   2.23100000
736511   2.27300000
736542   2.23700000
736573   2.34500000
736603   2.24000000
736634   2.19100000
736664   1.76500000
736695   1.57100000
736726   1.56800000
736754   2.29000000
736785   1.96200000
736815   1.93200000
736846   2.18100000
736876   1.99800000
736907   2.27700000
736938   2.38800000
736968   2.29300000
736999   2.12600000
737029   2.07600000
